# Q2	W	cross_section	error
7.500000e-01	1.920000e+00	1.045245e-01	8.611367e-04
7.500000e-01	1.910000e+00	1.030076e-01	8.457738e-04
7.500000e-01	1.900000e+00	1.013415e-01	8.304024e-04
7.500000e-01	1.890000e+00	1.002643e-01	8.183677e-04
7.500000e-01	1.880000e+00	9.902981e-02	8.062762e-04
7.500000e-01	1.870000e+00	9.764473e-02	7.940750e-04
7.500000e-01	1.860000e+00	9.611500e-02	7.816526e-04
7.500000e-01	1.850000e+00	9.442820e-02	7.687904e-04
7.500000e-01	1.840000e+00	9.292746e-02	7.576128e-04
7.500000e-01	1.830000e+00	9.134962e-02	7.464216e-04
7.500000e-01	1.820000e+00	8.993040e-02	7.377156e-04
7.500000e-01	1.810000e+00	8.889331e-02	7.336586e-04
7.500000e-01	1.800000e+00	8.798600e-02	7.314969e-04
7.500000e-01	1.790000e+00	8.764156e-02	7.332384e-04
7.500000e-01	1.780000e+00	8.826716e-02	7.413940e-04
7.500000e-01	1.770000e+00	8.963900e-02	7.546616e-04
7.500000e-01	1.760000e+00	9.191704e-02	7.749247e-04
7.500000e-01	1.750000e+00	9.549418e-02	8.041713e-04
7.500000e-01	1.740000e+00	9.986465e-02	8.376828e-04
7.500000e-01	1.730000e+00	1.037741e-01	8.698684e-04
7.500000e-01	1.720000e+00	1.066317e-01	8.969375e-04
7.500000e-01	1.710000e+00	1.082124e-01	9.166667e-04
7.500000e-01	1.700000e+00	1.070522e-01	9.223611e-04
7.500000e-01	1.690000e+00	1.026337e-01	9.195078e-04
7.500000e-01	1.680000e+00	9.317549e-02	9.108564e-04
7.500000e-01	1.670000e+00	8.631655e-02	8.961663e-04
7.500000e-01	1.660000e+00	7.947149e-02	8.791361e-04
7.500000e-01	1.650000e+00	7.465952e-02	8.643051e-04
7.500000e-01	1.640000e+00	7.221298e-02	8.544142e-04
7.500000e-01	1.630000e+00	7.198460e-02	8.520466e-04
7.500000e-01	1.620000e+00	7.251235e-02	8.529315e-04
7.500000e-01	1.610000e+00	7.294513e-02	8.550866e-04
7.500000e-01	1.600000e+00	7.313740e-02	8.617825e-04
7.500000e-01	1.590000e+00	7.344077e-02	8.773879e-04
7.500000e-01	1.580000e+00	7.552923e-02	9.089310e-04
7.500000e-01	1.570000e+00	7.756547e-02	9.455100e-04
7.500000e-01	1.560000e+00	7.929213e-02	9.861103e-04
7.500000e-01	1.550000e+00	8.065659e-02	1.034848e-03
7.500000e-01	1.540000e+00	8.362400e-02	1.105065e-03
7.500000e-01	1.530000e+00	8.620909e-02	1.181612e-03
7.500000e-01	1.520000e+00	8.647302e-02	1.249095e-03
7.500000e-01	1.510000e+00	8.418750e-02	1.291006e-03
7.500000e-01	1.500000e+00	7.396352e-02	1.270202e-03
7.500000e-01	1.490000e+00	5.957555e-02	1.228237e-03
7.500000e-01	1.480000e+00	5.418234e-02	1.164849e-03
7.500000e-01	1.470000e+00	5.038782e-02	1.103570e-03
7.500000e-01	1.460000e+00	4.515148e-02	1.050346e-03
7.500000e-01	1.450000e+00	4.325713e-02	1.034604e-03
7.500000e-01	1.440000e+00	4.086628e-02	1.021960e-03
7.500000e-01	1.430000e+00	3.780404e-02	1.010453e-03
7.500000e-01	1.420000e+00	3.464224e-02	1.000254e-03
7.500000e-01	1.410000e+00	3.149230e-02	9.930516e-04
7.500000e-01	1.400000e+00	2.843381e-02	9.933185e-04
7.500000e-01	1.390000e+00	2.587139e-02	9.974295e-04
7.500000e-01	1.380000e+00	2.422473e-02	1.008551e-03
7.500000e-01	1.370000e+00	2.250630e-02	1.013785e-03
7.500000e-01	1.360000e+00	2.161703e-02	1.026775e-03
7.500000e-01	1.350000e+00	2.381712e-02	1.069274e-03
7.500000e-01	1.340000e+00	2.386483e-02	1.030516e-03
7.500000e-01	1.330000e+00	2.226799e-02	9.398103e-04
7.500000e-01	1.320000e+00	2.186239e-02	9.483108e-04
7.500000e-01	1.310000e+00	2.339278e-02	9.247787e-04
7.500000e-01	1.300000e+00	2.583129e-02	1.108572e-03
7.500000e-01	1.290000e+00	2.532022e-02	1.091027e-03
7.500000e-01	1.280000e+00	2.492321e-02	1.059779e-03
7.500000e-01	1.270000e+00	2.648423e-02	1.130336e-03
7.500000e-01	1.260000e+00	2.672063e-02	1.165575e-03
7.500000e-01	1.250000e+00	2.611922e-02	1.207633e-03
7.500000e-01	1.240000e+00	2.636416e-02	1.285309e-03
7.500000e-01	1.230000e+00	2.254078e-02	1.347225e-03
7.500000e-01	1.220000e+00	1.806829e-02	1.956149e-03
7.500000e-01	1.210000e+00	9.284854e-03	1.567961e-03
7.500000e-01	1.200000e+00	3.855718e-03	1.234874e-03
7.500000e-01	1.190000e+00	-1.101380e-03	1.083445e-03
7.500000e-01	1.180000e+00	-3.022017e-03	9.453595e-04
7.500000e-01	1.170000e+00	-1.302111e-03	8.365984e-04
7.500000e-01	1.160000e+00	5.697765e-04	7.415578e-04
7.500000e-01	1.150000e+00	1.814829e-03	6.516171e-04
7.500000e-01	1.140000e+00	3.428486e-03	5.857035e-04
7.500000e-01	1.130000e+00	4.528269e-03	5.094699e-04
7.500000e-01	1.120000e+00	5.072519e-03	4.365771e-04
1.000000e+00	1.890000e+00	5.140870e-02	1.347801e-03
1.000000e+00	1.880000e+00	5.030166e-02	9.302994e-04
1.000000e+00	1.870000e+00	4.882997e-02	7.081642e-04
1.000000e+00	1.860000e+00	4.730051e-02	4.934442e-04
1.000000e+00	1.850000e+00	4.649655e-02	4.716880e-04
1.000000e+00	1.840000e+00	4.579430e-02	4.592865e-04
1.000000e+00	1.830000e+00	4.505414e-02	4.468686e-04
1.000000e+00	1.820000e+00	4.434633e-02	4.391251e-04
1.000000e+00	1.810000e+00	4.359208e-02	4.317605e-04
1.000000e+00	1.800000e+00	4.280871e-02	4.245445e-04
1.000000e+00	1.790000e+00	4.253756e-02	4.217125e-04
1.000000e+00	1.780000e+00	4.246152e-02	4.203921e-04
1.000000e+00	1.770000e+00	4.262529e-02	4.211720e-04
1.000000e+00	1.760000e+00	4.373648e-02	4.350898e-04
1.000000e+00	1.750000e+00	4.481764e-02	4.505765e-04
1.000000e+00	1.740000e+00	4.596068e-02	4.645564e-04
1.000000e+00	1.730000e+00	4.713695e-02	4.725218e-04
1.000000e+00	1.720000e+00	4.809188e-02	4.810857e-04
1.000000e+00	1.710000e+00	4.740720e-02	4.882909e-04
1.000000e+00	1.700000e+00	4.646727e-02	4.934215e-04
1.000000e+00	1.690000e+00	4.373422e-02	4.855197e-04
1.000000e+00	1.680000e+00	3.816908e-02	4.718103e-04
1.000000e+00	1.670000e+00	3.488232e-02	4.580770e-04
1.000000e+00	1.660000e+00	3.215942e-02	4.457305e-04
1.000000e+00	1.650000e+00	3.038315e-02	4.336383e-04
1.000000e+00	1.640000e+00	2.973479e-02	4.249962e-04
1.000000e+00	1.630000e+00	2.949065e-02	4.165861e-04
1.000000e+00	1.620000e+00	3.008781e-02	4.125669e-04
1.000000e+00	1.610000e+00	3.071867e-02	4.108295e-04
1.000000e+00	1.600000e+00	3.166080e-02	4.132691e-04
1.000000e+00	1.590000e+00	3.201019e-02	4.166990e-04
1.000000e+00	1.580000e+00	3.269964e-02	4.248907e-04
1.000000e+00	1.570000e+00	3.314923e-02	4.354131e-04
1.000000e+00	1.560000e+00	3.428817e-02	4.546928e-04
1.000000e+00	1.550000e+00	3.564689e-02	4.792766e-04
1.000000e+00	1.540000e+00	3.697434e-02	5.090021e-04
1.000000e+00	1.530000e+00	3.785676e-02	5.398767e-04
1.000000e+00	1.520000e+00	3.765742e-02	5.657361e-04
1.000000e+00	1.510000e+00	3.671384e-02	5.828868e-04
1.000000e+00	1.500000e+00	3.361846e-02	5.823565e-04
1.000000e+00	1.490000e+00	2.742786e-02	5.618172e-04
1.000000e+00	1.480000e+00	2.472456e-02	5.289883e-04
1.000000e+00	1.470000e+00	2.234836e-02	4.982015e-04
1.000000e+00	1.460000e+00	1.986685e-02	4.755356e-04
1.000000e+00	1.450000e+00	1.836607e-02	4.616045e-04
1.000000e+00	1.440000e+00	1.727142e-02	4.368474e-04
1.000000e+00	1.430000e+00	1.605416e-02	4.266410e-04
1.000000e+00	1.420000e+00	1.400661e-02	4.034981e-04
1.000000e+00	1.410000e+00	1.258992e-02	3.965780e-04
1.000000e+00	1.400000e+00	1.158929e-02	4.035841e-04
1.000000e+00	1.390000e+00	1.073520e-02	4.128072e-04
1.000000e+00	1.380000e+00	9.928316e-03	4.189746e-04
1.000000e+00	1.370000e+00	1.006325e-02	4.303451e-04
1.000000e+00	1.360000e+00	1.027471e-02	4.416925e-04
1.000000e+00	1.350000e+00	1.030787e-02	4.536811e-04
1.000000e+00	1.340000e+00	1.114487e-02	4.711835e-04
1.000000e+00	1.330000e+00	1.089770e-02	4.790932e-04
1.000000e+00	1.320000e+00	1.157797e-02	4.977079e-04
1.000000e+00	1.310000e+00	1.176817e-02	5.173451e-04
1.000000e+00	1.300000e+00	1.259304e-02	5.453912e-04
1.000000e+00	1.290000e+00	1.322166e-02	5.782051e-04
1.000000e+00	1.280000e+00	1.391311e-02	6.161611e-04
1.000000e+00	1.270000e+00	1.432308e-02	6.611887e-04
1.000000e+00	1.260000e+00	1.505823e-02	7.145625e-04
1.000000e+00	1.250000e+00	1.607580e-02	7.776823e-04
1.000000e+00	1.240000e+00	1.705952e-02	8.392651e-04
1.000000e+00	1.230000e+00	1.614033e-02	8.911027e-04
1.000000e+00	1.220000e+00	1.502430e-02	9.225763e-04
1.000000e+00	1.210000e+00	1.217941e-02	9.007160e-04
1.000000e+00	1.200000e+00	8.449832e-03	8.458954e-04
1.000000e+00	1.190000e+00	5.715105e-03	7.599031e-04
1.000000e+00	1.180000e+00	4.152060e-03	6.750295e-04
1.000000e+00	1.170000e+00	3.383613e-03	6.011696e-04
1.000000e+00	1.160000e+00	3.714147e-03	5.375886e-04
1.000000e+00	1.150000e+00	3.325342e-03	4.700906e-04
1.000000e+00	1.140000e+00	3.635250e-03	4.198058e-04
1.000000e+00	1.130000e+00	3.196274e-03	3.619556e-04
1.000000e+00	1.120000e+00	3.369155e-03	3.169568e-04
1.250000e+00	1.780000e+00	2.288726e-02	4.934864e-04
1.250000e+00	1.770000e+00	2.285632e-02	4.518361e-04
1.250000e+00	1.760000e+00	2.276985e-02	4.087289e-04
1.250000e+00	1.750000e+00	2.383328e-02	4.504160e-04
1.250000e+00	1.740000e+00	2.504777e-02	5.045522e-04
1.250000e+00	1.730000e+00	2.549646e-02	4.879535e-04
1.250000e+00	1.720000e+00	2.508224e-02	3.976085e-04
1.250000e+00	1.710000e+00	2.465557e-02	3.200435e-04
1.250000e+00	1.700000e+00	2.359052e-02	3.061357e-04
1.250000e+00	1.690000e+00	2.237654e-02	2.924338e-04
1.250000e+00	1.680000e+00	1.890956e-02	2.798305e-04
1.250000e+00	1.670000e+00	1.674338e-02	2.670111e-04
1.250000e+00	1.660000e+00	1.515778e-02	2.575582e-04
1.250000e+00	1.650000e+00	1.408492e-02	2.489482e-04
1.250000e+00	1.640000e+00	1.372688e-02	2.429326e-04
1.250000e+00	1.630000e+00	1.381754e-02	2.387708e-04
1.250000e+00	1.620000e+00	1.416003e-02	2.353395e-04
1.250000e+00	1.610000e+00	1.447400e-02	2.325020e-04
1.250000e+00	1.600000e+00	1.502302e-02	2.372312e-04
1.250000e+00	1.590000e+00	1.549992e-02	2.491709e-04
1.250000e+00	1.580000e+00	1.586552e-02	2.571619e-04
1.250000e+00	1.570000e+00	1.599213e-02	2.618081e-04
1.250000e+00	1.560000e+00	1.622798e-02	2.814179e-04
1.250000e+00	1.550000e+00	1.622784e-02	3.037125e-04
1.250000e+00	1.540000e+00	1.665336e-02	3.075173e-04
1.250000e+00	1.530000e+00	1.678901e-02	3.117815e-04
1.250000e+00	1.520000e+00	1.666427e-02	3.123611e-04
1.250000e+00	1.510000e+00	1.593226e-02	3.112902e-04
1.250000e+00	1.500000e+00	1.485387e-02	3.119137e-04
1.250000e+00	1.490000e+00	1.132886e-02	2.958390e-04
1.250000e+00	1.480000e+00	1.004441e-02	2.752835e-04
1.250000e+00	1.470000e+00	9.310885e-03	2.576365e-04
1.250000e+00	1.460000e+00	8.347031e-03	2.439939e-04
1.250000e+00	1.450000e+00	7.277863e-03	2.330867e-04
1.250000e+00	1.440000e+00	6.330101e-03	2.269128e-04
1.250000e+00	1.430000e+00	5.558905e-03	2.230076e-04
1.250000e+00	1.420000e+00	4.938353e-03	2.213113e-04
1.250000e+00	1.410000e+00	4.248230e-03	2.199170e-04
1.250000e+00	1.400000e+00	3.535053e-03	2.193898e-04
1.250000e+00	1.390000e+00	2.880626e-03	2.193425e-04
1.250000e+00	1.380000e+00	2.320025e-03	2.190020e-04
1.250000e+00	1.370000e+00	2.159103e-03	2.205338e-04
1.250000e+00	1.360000e+00	2.130823e-03	2.227892e-04
1.250000e+00	1.350000e+00	2.250840e-03	2.252158e-04
1.250000e+00	1.340000e+00	2.473083e-03	2.273086e-04
1.250000e+00	1.330000e+00	2.783069e-03	2.328969e-04
1.250000e+00	1.320000e+00	3.152528e-03	2.387711e-04
1.250000e+00	1.310000e+00	3.427887e-03	2.459168e-04
1.250000e+00	1.300000e+00	3.517110e-03	2.542979e-04
1.250000e+00	1.290000e+00	3.485338e-03	2.640870e-04
1.250000e+00	1.280000e+00	3.612000e-03	2.783947e-04
1.250000e+00	1.270000e+00	3.458850e-03	2.931236e-04
1.250000e+00	1.260000e+00	3.213537e-03	3.098292e-04
1.250000e+00	1.250000e+00	3.446756e-03	3.335482e-04
1.250000e+00	1.240000e+00	2.816479e-03	3.523132e-04
1.250000e+00	1.230000e+00	2.220326e-03	3.702472e-04
1.250000e+00	1.220000e+00	1.385898e-03	3.766336e-04
1.250000e+00	1.210000e+00	1.130425e-03	3.702365e-04
1.250000e+00	1.200000e+00	4.352863e-04	3.428076e-04
1.250000e+00	1.190000e+00	-1.854206e-05	3.062710e-04
1.250000e+00	1.180000e+00	1.173972e-04	2.730043e-04
1.250000e+00	1.170000e+00	7.950755e-05	2.356751e-04
1.250000e+00	1.160000e+00	2.700293e-04	2.077566e-04
1.250000e+00	1.150000e+00	1.062101e-03	1.921985e-04
1.250000e+00	1.140000e+00	1.042722e-03	1.664155e-04
1.250000e+00	1.130000e+00	1.232560e-03	1.497556e-04
1.250000e+00	1.120000e+00	1.281371e-03	1.287623e-04
1.500000e+00	2.000000e+00	2.035971e-02	2.337261e-04
1.500000e+00	1.990000e+00	2.041898e-02	2.371547e-04
1.500000e+00	1.980000e+00	2.044389e-02	2.402121e-04
1.500000e+00	1.970000e+00	2.043702e-02	2.432957e-04
1.500000e+00	1.960000e+00	2.039636e-02	2.464056e-04
1.500000e+00	1.950000e+00	2.038506e-02	2.503595e-04
1.500000e+00	1.940000e+00	2.037213e-02	2.542673e-04
1.500000e+00	1.930000e+00	2.035207e-02	2.582103e-04
1.500000e+00	1.920000e+00	2.033955e-02	2.624383e-04
1.500000e+00	1.910000e+00	2.029944e-02	2.667049e-04
1.500000e+00	1.900000e+00	1.993107e-02	2.693274e-04
1.500000e+00	1.890000e+00	1.943807e-02	2.711235e-04
1.500000e+00	1.880000e+00	1.896288e-02	2.732701e-04
1.500000e+00	1.870000e+00	1.855069e-02	2.758587e-04
1.500000e+00	1.860000e+00	1.813054e-02	2.785524e-04
1.500000e+00	1.850000e+00	1.778650e-02	2.819586e-04
1.500000e+00	1.840000e+00	1.757886e-02	2.870469e-04
1.500000e+00	1.830000e+00	1.736010e-02	2.921822e-04
1.500000e+00	1.820000e+00	1.697656e-02	2.963079e-04
1.500000e+00	1.810000e+00	1.651985e-02	2.998492e-04
1.500000e+00	1.800000e+00	1.608915e-02	3.035080e-04
1.500000e+00	1.790000e+00	1.605668e-02	3.108686e-04
1.500000e+00	1.780000e+00	1.599175e-02	3.183005e-04
1.500000e+00	1.770000e+00	1.663527e-02	3.334124e-04
1.500000e+00	1.760000e+00	1.739704e-02	3.510505e-04
1.500000e+00	1.750000e+00	1.812005e-02	3.696069e-04
1.500000e+00	1.740000e+00	1.892975e-02	3.898318e-04
1.500000e+00	1.730000e+00	1.954254e-02	4.104545e-04
1.500000e+00	1.720000e+00	1.956641e-02	4.263557e-04
1.500000e+00	1.710000e+00	1.952983e-02	4.421375e-04
1.500000e+00	1.700000e+00	1.848907e-02	4.438550e-04
1.500000e+00	1.690000e+00	1.727662e-02	4.436793e-04
1.500000e+00	1.680000e+00	1.476866e-02	4.226240e-04
1.500000e+00	1.670000e+00	1.309023e-02	3.943247e-04
1.500000e+00	1.660000e+00	1.185387e-02	3.907349e-04
1.500000e+00	1.650000e+00	1.100568e-02	4.182733e-04
1.500000e+00	1.640000e+00	1.032646e-02	3.971178e-04
1.500000e+00	1.630000e+00	9.585472e-03	2.957126e-04
1.500000e+00	1.620000e+00	9.242277e-03	2.451591e-04
1.500000e+00	1.610000e+00	9.103787e-03	2.554168e-04
1.500000e+00	1.600000e+00	9.084479e-03	2.453708e-04
1.500000e+00	1.590000e+00	9.161223e-03	2.253955e-04
1.500000e+00	1.580000e+00	9.210439e-03	2.111290e-04
1.500000e+00	1.570000e+00	9.070872e-03	1.954833e-04
1.500000e+00	1.560000e+00	9.310393e-03	1.933924e-04
1.500000e+00	1.550000e+00	9.385914e-03	1.945434e-04
1.500000e+00	1.540000e+00	9.561335e-03	2.056737e-04
1.500000e+00	1.530000e+00	9.496700e-03	2.163987e-04
1.500000e+00	1.520000e+00	9.231774e-03	2.267105e-04
1.500000e+00	1.510000e+00	8.632144e-03	2.320025e-04
1.500000e+00	1.500000e+00	8.081847e-03	2.336639e-04
1.500000e+00	1.490000e+00	5.827397e-03	2.209677e-04
1.500000e+00	1.480000e+00	5.191717e-03	2.087631e-04
1.500000e+00	1.470000e+00	4.706278e-03	1.986609e-04
1.500000e+00	1.460000e+00	4.392892e-03	1.935935e-04
1.500000e+00	1.450000e+00	4.084299e-03	1.906212e-04
1.500000e+00	1.440000e+00	3.745474e-03	1.879340e-04
1.500000e+00	1.430000e+00	3.457232e-03	2.062490e-04
1.500000e+00	1.420000e+00	3.261163e-03	2.363613e-04
1.500000e+00	1.410000e+00	2.963793e-03	2.356044e-04
1.500000e+00	1.400000e+00	2.543372e-03	2.348284e-04
1.500000e+00	1.390000e+00	2.065424e-03	2.339218e-04
1.500000e+00	1.380000e+00	1.624554e-03	2.315402e-04
1.500000e+00	1.370000e+00	1.508158e-03	2.337323e-04
1.500000e+00	1.360000e+00	1.673028e-03	2.339011e-04
1.500000e+00	1.350000e+00	2.075196e-03	2.391704e-04
1.500000e+00	1.340000e+00	2.409644e-03	2.555519e-04
1.500000e+00	1.330000e+00	2.527155e-03	2.539610e-04
1.500000e+00	1.320000e+00	2.523064e-03	2.555688e-04
1.500000e+00	1.310000e+00	2.637310e-03	2.556731e-04
1.500000e+00	1.300000e+00	2.768344e-03	2.257295e-04
1.500000e+00	1.290000e+00	2.588075e-03	2.083480e-04
1.500000e+00	1.280000e+00	2.703689e-03	2.232296e-04
1.500000e+00	1.270000e+00	2.502651e-03	2.362351e-04
1.500000e+00	1.260000e+00	2.531956e-03	2.505393e-04
1.500000e+00	1.250000e+00	2.592186e-03	2.606731e-04
1.500000e+00	1.240000e+00	2.392770e-03	2.658560e-04
1.500000e+00	1.230000e+00	2.313701e-03	2.749239e-04
1.500000e+00	1.220000e+00	1.562635e-03	2.827299e-04
1.500000e+00	1.210000e+00	1.554094e-03	2.963009e-04
1.500000e+00	1.200000e+00	1.344189e-03	2.628714e-04
1.500000e+00	1.190000e+00	1.108212e-03	2.513101e-04
1.500000e+00	1.180000e+00	9.563794e-04	2.311320e-04
1.500000e+00	1.170000e+00	6.569927e-04	2.050694e-04
1.500000e+00	1.160000e+00	7.550083e-04	2.031116e-04
1.500000e+00	1.150000e+00	6.457489e-04	1.755460e-04
1.500000e+00	1.140000e+00	9.172797e-04	1.675278e-04
1.500000e+00	1.130000e+00	8.251009e-04	1.351438e-04
1.500000e+00	1.120000e+00	7.581586e-04	1.128385e-04
1.500000e+00	1.110000e+00	6.341594e-04	8.577142e-05
1.500000e+00	1.100000e+00	6.445894e-04	6.930438e-05
1.750000e+00	2.100000e+00	1.210446e-02	1.399766e-04
1.750000e+00	2.090000e+00	1.212686e-02	1.433440e-04
1.750000e+00	2.080000e+00	1.216633e-02	1.463754e-04
1.750000e+00	2.070000e+00	1.221057e-02	1.492758e-04
1.750000e+00	2.060000e+00	1.228098e-02	1.524139e-04
1.750000e+00	2.050000e+00	1.234270e-02	1.560597e-04
1.750000e+00	2.040000e+00	1.240756e-02	1.590958e-04
1.750000e+00	2.030000e+00	1.242761e-02	1.621584e-04
1.750000e+00	2.020000e+00	1.239954e-02	1.643812e-04
1.750000e+00	2.010000e+00	1.236648e-02	1.668936e-04
1.750000e+00	2.000000e+00	1.237114e-02	1.693718e-04
1.750000e+00	1.990000e+00	1.238991e-02	1.723102e-04
1.750000e+00	1.980000e+00	1.238179e-02	1.756052e-04
1.750000e+00	1.970000e+00	1.234923e-02	1.789841e-04
1.750000e+00	1.960000e+00	1.230711e-02	1.815533e-04
1.750000e+00	1.950000e+00	1.226689e-02	1.848171e-04
1.750000e+00	1.940000e+00	1.220258e-02	1.881648e-04
1.750000e+00	1.930000e+00	1.211951e-02	1.896092e-04
1.750000e+00	1.920000e+00	1.202396e-02	1.894626e-04
1.750000e+00	1.910000e+00	1.192008e-02	1.895366e-04
1.750000e+00	1.900000e+00	1.168272e-02	1.905849e-04
1.750000e+00	1.890000e+00	1.140112e-02	1.911726e-04
1.750000e+00	1.880000e+00	1.111722e-02	1.915841e-04
1.750000e+00	1.870000e+00	1.084425e-02	1.912891e-04
1.750000e+00	1.860000e+00	1.056215e-02	1.908067e-04
1.750000e+00	1.850000e+00	1.031921e-02	1.911999e-04
1.750000e+00	1.840000e+00	1.014466e-02	1.922444e-04
1.750000e+00	1.830000e+00	9.966843e-03	1.932321e-04
1.750000e+00	1.820000e+00	9.743952e-03	1.950642e-04
1.750000e+00	1.810000e+00	9.505031e-03	1.975720e-04
1.750000e+00	1.800000e+00	9.270695e-03	2.000976e-04
1.750000e+00	1.790000e+00	9.192032e-03	2.022747e-04
1.750000e+00	1.780000e+00	9.151824e-03	2.050793e-04
1.750000e+00	1.770000e+00	9.421823e-03	2.109262e-04
1.750000e+00	1.760000e+00	9.740625e-03	2.172576e-04
1.750000e+00	1.750000e+00	1.005946e-02	2.251391e-04
1.750000e+00	1.740000e+00	1.042973e-02	2.334036e-04
1.750000e+00	1.730000e+00	1.070171e-02	2.405460e-04
1.750000e+00	1.720000e+00	1.071018e-02	2.466748e-04
1.750000e+00	1.710000e+00	1.063733e-02	2.507573e-04
1.750000e+00	1.700000e+00	1.012605e-02	2.483562e-04
1.750000e+00	1.690000e+00	9.449955e-03	2.455358e-04
1.750000e+00	1.680000e+00	7.864263e-03	2.407427e-04
1.750000e+00	1.670000e+00	6.865180e-03	2.354387e-04
1.750000e+00	1.660000e+00	6.106384e-03	2.290310e-04
1.750000e+00	1.650000e+00	5.618758e-03	2.228783e-04
1.750000e+00	1.640000e+00	5.291755e-03	2.192865e-04
1.750000e+00	1.630000e+00	5.003912e-03	2.164433e-04
1.750000e+00	1.620000e+00	4.913351e-03	2.164180e-04
1.750000e+00	1.610000e+00	4.891639e-03	2.167833e-04
1.750000e+00	1.600000e+00	4.928222e-03	2.184830e-04
1.750000e+00	1.590000e+00	4.936749e-03	2.214686e-04
1.750000e+00	1.580000e+00	4.948871e-03	2.275846e-04
1.750000e+00	1.570000e+00	4.841671e-03	2.345636e-04
1.750000e+00	1.560000e+00	4.865317e-03	2.442606e-04
1.750000e+00	1.550000e+00	4.757733e-03	2.589763e-04
1.750000e+00	1.540000e+00	4.662926e-03	2.771247e-04
1.750000e+00	1.530000e+00	4.501357e-03	2.936276e-04
1.750000e+00	1.520000e+00	4.268960e-03	3.086685e-04
1.750000e+00	1.510000e+00	3.896709e-03	3.138412e-04
1.750000e+00	1.500000e+00	3.510276e-03	2.966580e-04
1.750000e+00	1.490000e+00	2.363581e-03	2.525879e-04
1.750000e+00	1.480000e+00	2.185470e-03	2.304162e-04
1.750000e+00	1.470000e+00	2.061992e-03	2.108099e-04
1.750000e+00	1.460000e+00	1.921475e-03	1.850194e-04
1.750000e+00	1.450000e+00	1.760885e-03	1.643027e-04
1.750000e+00	1.440000e+00	1.568997e-03	1.586016e-04
1.750000e+00	1.430000e+00	1.353000e-03	1.530603e-04
1.750000e+00	1.420000e+00	1.167291e-03	1.462281e-04
1.750000e+00	1.410000e+00	9.620830e-04	1.438553e-04
1.750000e+00	1.400000e+00	7.608996e-04	1.424078e-04
1.750000e+00	1.390000e+00	5.099021e-04	1.389535e-04
1.750000e+00	1.380000e+00	2.702871e-04	1.362021e-04
1.750000e+00	1.370000e+00	2.216295e-04	1.349048e-04
1.750000e+00	1.360000e+00	2.980679e-04	1.344837e-04
1.750000e+00	1.350000e+00	5.072698e-04	1.356974e-04
1.750000e+00	1.340000e+00	7.124954e-04	1.382653e-04
1.750000e+00	1.330000e+00	8.155307e-04	1.359447e-04
1.750000e+00	1.320000e+00	8.894734e-04	1.382154e-04
1.750000e+00	1.310000e+00	1.002201e-03	1.453588e-04
1.750000e+00	1.300000e+00	1.090176e-03	1.441584e-04
1.750000e+00	1.290000e+00	1.078458e-03	1.546541e-04
1.750000e+00	1.280000e+00	1.164034e-03	1.609927e-04
1.750000e+00	1.270000e+00	1.090805e-03	1.648231e-04
1.750000e+00	1.260000e+00	1.128801e-03	1.745542e-04
1.750000e+00	1.250000e+00	1.201336e-03	1.904815e-04
1.750000e+00	1.240000e+00	1.142033e-03	1.974666e-04
1.750000e+00	1.230000e+00	1.126700e-03	2.066781e-04
1.750000e+00	1.220000e+00	8.100156e-04	2.139771e-04
1.750000e+00	1.210000e+00	8.186509e-04	2.071346e-04
1.750000e+00	1.200000e+00	7.542409e-04	1.925676e-04
1.750000e+00	1.190000e+00	6.458161e-04	1.654456e-04
1.750000e+00	1.180000e+00	5.401183e-04	1.403642e-04
1.750000e+00	1.170000e+00	3.894165e-04	1.250065e-04
1.750000e+00	1.160000e+00	4.112066e-04	1.109850e-04
1.750000e+00	1.150000e+00	3.365701e-04	1.053776e-04
1.750000e+00	1.140000e+00	4.106861e-04	9.497994e-05
1.750000e+00	1.130000e+00	3.387979e-04	8.548348e-05
1.750000e+00	1.120000e+00	2.866334e-04	7.770749e-05
1.750000e+00	1.110000e+00	2.231280e-04	5.584107e-05
1.750000e+00	1.100000e+00	2.158215e-04	4.638537e-05
2.000000e+00	2.000000e+00	7.833686e-03	1.037835e-04
2.000000e+00	1.990000e+00	7.839815e-03	1.062741e-04
2.000000e+00	1.980000e+00	7.826381e-03	1.084268e-04
2.000000e+00	1.970000e+00	7.794933e-03	1.101964e-04
2.000000e+00	1.960000e+00	7.761727e-03	1.120192e-04
2.000000e+00	1.950000e+00	7.722847e-03	1.140977e-04
2.000000e+00	1.940000e+00	7.658861e-03	1.166383e-04
2.000000e+00	1.930000e+00	7.576984e-03	1.193212e-04
2.000000e+00	1.920000e+00	7.479831e-03	1.219844e-04
2.000000e+00	1.910000e+00	7.380505e-03	1.242978e-04
2.000000e+00	1.900000e+00	7.223884e-03	1.265871e-04
2.000000e+00	1.890000e+00	7.052008e-03	1.287270e-04
2.000000e+00	1.880000e+00	6.873193e-03	1.307985e-04
2.000000e+00	1.870000e+00	6.690028e-03	1.323810e-04
2.000000e+00	1.860000e+00	6.499403e-03	1.344790e-04
2.000000e+00	1.850000e+00	6.330654e-03	1.370573e-04
2.000000e+00	1.840000e+00	6.199227e-03	1.395690e-04
2.000000e+00	1.830000e+00	6.067271e-03	1.406024e-04
2.000000e+00	1.820000e+00	5.929201e-03	1.416826e-04
2.000000e+00	1.810000e+00	5.792495e-03	1.423787e-04
2.000000e+00	1.800000e+00	5.654143e-03	1.429020e-04
2.000000e+00	1.790000e+00	5.578815e-03	1.446435e-04
2.000000e+00	1.780000e+00	5.551089e-03	1.469635e-04
2.000000e+00	1.770000e+00	5.670275e-03	1.500015e-04
2.000000e+00	1.760000e+00	5.811302e-03	1.558413e-04
2.000000e+00	1.750000e+00	5.962483e-03	1.621263e-04
2.000000e+00	1.740000e+00	6.146916e-03	1.684608e-04
2.000000e+00	1.730000e+00	6.280010e-03	1.749343e-04
2.000000e+00	1.720000e+00	6.287733e-03	1.824012e-04
2.000000e+00	1.710000e+00	6.228456e-03	1.894752e-04
2.000000e+00	1.700000e+00	5.963264e-03	1.898050e-04
2.000000e+00	1.690000e+00	5.568768e-03	1.882177e-04
2.000000e+00	1.680000e+00	4.569744e-03	1.847342e-04
2.000000e+00	1.670000e+00	3.964193e-03	1.806158e-04
2.000000e+00	1.660000e+00	3.496607e-03	1.766385e-04
2.000000e+00	1.650000e+00	3.211604e-03	1.712767e-04
2.000000e+00	1.640000e+00	3.048494e-03	1.657222e-04
2.000000e+00	1.630000e+00	2.937801e-03	1.641760e-04
2.000000e+00	1.620000e+00	2.931088e-03	1.634065e-04
2.000000e+00	1.610000e+00	2.943916e-03	1.595157e-04
2.000000e+00	1.600000e+00	2.985817e-03	1.582803e-04
2.000000e+00	1.590000e+00	2.975248e-03	1.597807e-04
2.000000e+00	1.580000e+00	2.975137e-03	1.620485e-04
2.000000e+00	1.570000e+00	2.899455e-03	1.642793e-04
2.000000e+00	1.560000e+00	2.868713e-03	1.697872e-04
2.000000e+00	1.550000e+00	2.745979e-03	1.764886e-04
2.000000e+00	1.540000e+00	2.615638e-03	1.825566e-04
2.000000e+00	1.530000e+00	2.476542e-03	1.896842e-04
2.000000e+00	1.520000e+00	2.312591e-03	1.989563e-04
2.000000e+00	1.510000e+00	2.081543e-03	2.050570e-04
2.000000e+00	1.500000e+00	1.816696e-03	2.019497e-04
2.000000e+00	1.490000e+00	1.176671e-03	1.886414e-04
2.000000e+00	1.480000e+00	1.144157e-03	1.767596e-04
2.000000e+00	1.470000e+00	1.125052e-03	1.714933e-04
2.000000e+00	1.460000e+00	1.048534e-03	1.655308e-04
2.000000e+00	1.450000e+00	9.518911e-04	1.587150e-04
2.000000e+00	1.440000e+00	8.320689e-04	1.552598e-04
2.000000e+00	1.430000e+00	6.771465e-04	1.530327e-04
2.000000e+00	1.420000e+00	5.315726e-04	1.540717e-04
2.000000e+00	1.410000e+00	3.900251e-04	1.552111e-04
2.000000e+00	1.400000e+00	2.808061e-04	1.528335e-04
2.000000e+00	1.390000e+00	1.344325e-04	1.501755e-04
2.000000e+00	1.380000e+00	-9.651508e-06	1.506720e-04
2.000000e+00	1.370000e+00	-3.694645e-05	1.532220e-04
2.000000e+00	1.360000e+00	-3.691315e-06	1.497384e-04
2.000000e+00	1.350000e+00	1.085436e-04	1.488136e-04
2.000000e+00	1.340000e+00	2.331316e-04	1.528622e-04
2.000000e+00	1.330000e+00	3.057238e-04	1.528614e-04
2.000000e+00	1.320000e+00	3.775949e-04	1.515966e-04
2.000000e+00	1.310000e+00	4.617585e-04	1.435515e-04
2.000000e+00	1.300000e+00	5.179919e-04	1.318220e-04
2.000000e+00	1.290000e+00	5.458753e-04	1.313010e-04
2.000000e+00	1.280000e+00	6.039874e-04	1.351575e-04
2.000000e+00	1.270000e+00	5.758902e-04	1.399277e-04
2.000000e+00	1.260000e+00	6.066016e-04	1.468410e-04
2.000000e+00	1.250000e+00	6.642395e-04	1.399219e-04
2.000000e+00	1.240000e+00	6.484588e-04	1.285753e-04
2.000000e+00	1.230000e+00	6.481468e-04	1.272877e-04
2.000000e+00	1.220000e+00	4.982379e-04	1.228162e-04
2.000000e+00	1.210000e+00	5.028730e-04	1.177223e-04
2.000000e+00	1.200000e+00	4.793983e-04	1.077404e-04
2.000000e+00	1.190000e+00	4.185282e-04	9.094657e-05
2.000000e+00	1.180000e+00	3.426284e-04	7.791982e-05
2.000000e+00	1.170000e+00	2.560231e-04	6.863298e-05
2.000000e+00	1.160000e+00	2.525656e-04	5.924852e-05
2.000000e+00	1.150000e+00	2.004758e-04	5.205749e-05
2.000000e+00	1.140000e+00	2.115565e-04	4.800257e-05
2.000000e+00	1.130000e+00	1.596670e-04	4.316314e-05
2.000000e+00	1.120000e+00	1.219560e-04	3.605672e-05
2.000000e+00	1.110000e+00	8.565493e-05	2.875933e-05
2.000000e+00	1.100000e+00	7.513956e-05	2.396531e-05
2.250000e+00	2.000000e+00	5.283879e-03	7.399266e-05
2.250000e+00	1.990000e+00	5.282741e-03	7.450559e-05
2.250000e+00	1.980000e+00	5.267304e-03	7.531654e-05
2.250000e+00	1.970000e+00	5.238805e-03	7.625091e-05
2.250000e+00	1.960000e+00	5.210697e-03	7.725049e-05
2.250000e+00	1.950000e+00	5.175532e-03	7.846618e-05
2.250000e+00	1.940000e+00	5.119149e-03	7.950864e-05
2.250000e+00	1.930000e+00	5.048317e-03	8.043603e-05
2.250000e+00	1.920000e+00	4.964090e-03	8.139884e-05
2.250000e+00	1.910000e+00	4.880077e-03	8.270308e-05
2.250000e+00	1.900000e+00	4.771299e-03	8.383126e-05
2.250000e+00	1.890000e+00	4.658617e-03	8.450347e-05
2.250000e+00	1.880000e+00	4.539742e-03	8.505426e-05
2.250000e+00	1.870000e+00	4.413641e-03	8.541980e-05
2.250000e+00	1.860000e+00	4.282658e-03	8.559764e-05
2.250000e+00	1.850000e+00	4.165580e-03	8.593031e-05
2.250000e+00	1.840000e+00	4.070788e-03	8.645127e-05
2.250000e+00	1.830000e+00	3.977105e-03	8.703634e-05
2.250000e+00	1.820000e+00	3.890344e-03	8.740043e-05
2.250000e+00	1.810000e+00	3.810264e-03	8.773206e-05
2.250000e+00	1.800000e+00	3.727883e-03	8.867123e-05
2.250000e+00	1.790000e+00	3.671404e-03	9.006462e-05
2.250000e+00	1.780000e+00	3.657255e-03	9.182082e-05
2.250000e+00	1.770000e+00	3.717430e-03	9.465724e-05
2.250000e+00	1.760000e+00	3.788602e-03	9.809851e-05
2.250000e+00	1.750000e+00	3.871656e-03	1.016940e-04
2.250000e+00	1.740000e+00	3.977095e-03	1.049859e-04
2.250000e+00	1.730000e+00	4.054155e-03	1.082994e-04
2.250000e+00	1.720000e+00	4.067365e-03	1.123619e-04
2.250000e+00	1.710000e+00	4.028446e-03	1.153890e-04
2.250000e+00	1.700000e+00	3.884259e-03	1.149356e-04
2.250000e+00	1.690000e+00	3.643236e-03	1.131355e-04
2.250000e+00	1.680000e+00	3.032256e-03	1.114845e-04
2.250000e+00	1.670000e+00	2.660721e-03	1.099171e-04
2.250000e+00	1.660000e+00	2.366313e-03	1.076901e-04
2.250000e+00	1.650000e+00	2.188508e-03	1.063585e-04
2.250000e+00	1.640000e+00	2.092689e-03	1.070912e-04
2.250000e+00	1.630000e+00	2.039088e-03	1.072429e-04
2.250000e+00	1.620000e+00	2.042065e-03	1.064638e-04
2.250000e+00	1.610000e+00	2.048691e-03	1.059496e-04
2.250000e+00	1.600000e+00	2.073211e-03	1.058418e-04
2.250000e+00	1.590000e+00	2.053363e-03	1.066998e-04
2.250000e+00	1.580000e+00	2.049560e-03	1.096827e-04
2.250000e+00	1.570000e+00	2.003315e-03	1.136593e-04
2.250000e+00	1.560000e+00	1.976780e-03	1.186393e-04
2.250000e+00	1.550000e+00	1.894079e-03	1.239639e-04
2.250000e+00	1.540000e+00	1.806388e-03	1.304828e-04
2.250000e+00	1.530000e+00	1.731106e-03	1.385965e-04
2.250000e+00	1.520000e+00	1.643437e-03	1.481774e-04
2.250000e+00	1.510000e+00	1.504808e-03	1.522530e-04
2.250000e+00	1.500000e+00	1.311217e-03	1.487672e-04
2.250000e+00	1.490000e+00	9.063284e-04	1.381863e-04
2.250000e+00	1.480000e+00	8.964529e-04	1.273884e-04
2.250000e+00	1.470000e+00	8.814961e-04	1.208837e-04
2.250000e+00	1.460000e+00	8.152450e-04	1.150208e-04
2.250000e+00	1.450000e+00	7.391600e-04	1.115851e-04
2.250000e+00	1.440000e+00	6.513554e-04	1.096521e-04
2.250000e+00	1.430000e+00	5.358539e-04	1.078479e-04
2.250000e+00	1.420000e+00	4.246012e-04	1.102011e-04
2.250000e+00	1.410000e+00	3.242295e-04	1.101381e-04
2.250000e+00	1.400000e+00	2.576851e-04	1.076020e-04
2.250000e+00	1.390000e+00	1.637604e-04	1.113575e-04
2.250000e+00	1.380000e+00	6.763226e-05	1.136089e-04
2.250000e+00	1.370000e+00	4.318994e-05	1.098178e-04
2.250000e+00	1.360000e+00	4.831182e-05	1.067818e-04
2.250000e+00	1.350000e+00	1.010628e-04	1.090931e-04
2.250000e+00	1.340000e+00	1.672040e-04	1.121936e-04
2.250000e+00	1.330000e+00	2.046745e-04	1.118177e-04
2.250000e+00	1.320000e+00	2.490767e-04	1.098185e-04
2.250000e+00	1.310000e+00	2.961480e-04	1.094211e-04
2.250000e+00	1.300000e+00	3.198690e-04	1.145955e-04
2.250000e+00	1.290000e+00	3.396197e-04	1.169879e-04
2.250000e+00	1.280000e+00	3.650614e-04	1.196091e-04
2.250000e+00	1.270000e+00	3.400026e-04	1.218531e-04
2.250000e+00	1.260000e+00	3.470859e-04	1.264535e-04
2.250000e+00	1.250000e+00	3.729392e-04	1.337272e-04
2.250000e+00	1.240000e+00	3.556973e-04	1.417036e-04
2.250000e+00	1.230000e+00	3.451760e-04	1.603948e-04
2.250000e+00	1.220000e+00	2.602754e-04	1.691086e-04
2.250000e+00	1.210000e+00	2.614818e-04	1.482099e-04
2.250000e+00	1.200000e+00	2.596471e-04	1.157994e-04
2.250000e+00	1.190000e+00	2.343345e-04	1.036972e-04
2.250000e+00	1.180000e+00	1.933599e-04	9.336310e-05
2.250000e+00	1.170000e+00	1.514603e-04	7.821758e-05
2.250000e+00	1.160000e+00	1.499850e-04	6.715752e-05
2.250000e+00	1.150000e+00	1.200947e-04	6.151232e-05
2.250000e+00	1.140000e+00	1.163369e-04	5.666212e-05
2.250000e+00	1.130000e+00	8.254721e-05	4.889672e-05
2.250000e+00	1.120000e+00	5.756951e-05	3.995272e-05
2.250000e+00	1.110000e+00	3.623661e-05	3.455612e-05
2.250000e+00	1.100000e+00	2.695652e-05	2.945952e-05
2.500000e+00	2.000000e+00	3.742652e-03	5.928461e-05
2.500000e+00	1.990000e+00	3.734316e-03	5.960119e-05
2.500000e+00	1.980000e+00	3.715563e-03	6.014470e-05
2.500000e+00	1.970000e+00	3.687191e-03	6.062210e-05
2.500000e+00	1.960000e+00	3.659811e-03	6.091826e-05
2.500000e+00	1.950000e+00	3.625917e-03	6.109972e-05
2.500000e+00	1.940000e+00	3.575652e-03	6.155668e-05
2.500000e+00	1.930000e+00	3.514463e-03	6.210745e-05
2.500000e+00	1.920000e+00	3.443208e-03	6.268341e-05
2.500000e+00	1.910000e+00	3.373397e-03	6.300500e-05
2.500000e+00	1.900000e+00	3.293950e-03	6.327980e-05
2.500000e+00	1.890000e+00	3.215807e-03	6.338971e-05
2.500000e+00	1.880000e+00	3.133520e-03	6.326193e-05
2.500000e+00	1.870000e+00	3.045155e-03	6.289368e-05
2.500000e+00	1.860000e+00	2.954321e-03	6.306693e-05
2.500000e+00	1.850000e+00	2.873216e-03	6.340604e-05
2.500000e+00	1.840000e+00	2.806655e-03	6.364928e-05
2.500000e+00	1.830000e+00	2.741954e-03	6.357901e-05
2.500000e+00	1.820000e+00	2.687396e-03	6.348141e-05
2.500000e+00	1.810000e+00	2.640624e-03	6.384092e-05
2.500000e+00	1.800000e+00	2.591846e-03	6.427341e-05
2.500000e+00	1.790000e+00	2.553378e-03	6.487731e-05
2.500000e+00	1.780000e+00	2.548804e-03	6.580150e-05
2.500000e+00	1.770000e+00	2.583943e-03	6.741833e-05
2.500000e+00	1.760000e+00	2.625037e-03	6.941427e-05
2.500000e+00	1.750000e+00	2.676782e-03	7.161976e-05
2.500000e+00	1.740000e+00	2.743625e-03	7.356439e-05
2.500000e+00	1.730000e+00	2.793488e-03	7.564430e-05
2.500000e+00	1.720000e+00	2.808620e-03	7.738496e-05
2.500000e+00	1.710000e+00	2.783475e-03	7.858159e-05
2.500000e+00	1.700000e+00	2.700306e-03	7.905191e-05
2.500000e+00	1.690000e+00	2.545248e-03	7.856074e-05
2.500000e+00	1.680000e+00	2.171065e-03	7.666689e-05
2.500000e+00	1.670000e+00	1.937384e-03	7.460413e-05
2.500000e+00	1.660000e+00	1.746733e-03	7.298411e-05
2.500000e+00	1.650000e+00	1.630114e-03	7.145263e-05
2.500000e+00	1.640000e+00	1.566882e-03	7.031929e-05
2.500000e+00	1.630000e+00	1.533787e-03	6.963964e-05
2.500000e+00	1.620000e+00	1.532383e-03	6.877128e-05
2.500000e+00	1.610000e+00	1.529674e-03	6.776444e-05
2.500000e+00	1.600000e+00	1.540140e-03	6.724274e-05
2.500000e+00	1.590000e+00	1.518924e-03	6.773293e-05
2.500000e+00	1.580000e+00	1.516190e-03	6.921792e-05
2.500000e+00	1.570000e+00	1.492070e-03	7.097092e-05
2.500000e+00	1.560000e+00	1.480652e-03	7.254621e-05
2.500000e+00	1.550000e+00	1.437980e-03	7.502508e-05
2.500000e+00	1.540000e+00	1.395871e-03	8.037526e-05
2.500000e+00	1.530000e+00	1.372381e-03	8.559177e-05
2.500000e+00	1.520000e+00	1.338826e-03	8.827532e-05
2.500000e+00	1.510000e+00	1.256853e-03	8.944633e-05
2.500000e+00	1.500000e+00	1.108237e-03	8.933342e-05
2.500000e+00	1.490000e+00	8.249975e-04	8.618131e-05
2.500000e+00	1.480000e+00	8.084068e-04	8.042442e-05
2.500000e+00	1.470000e+00	7.806766e-04	7.565951e-05
2.500000e+00	1.460000e+00	7.160908e-04	7.332830e-05
2.500000e+00	1.450000e+00	6.502476e-04	7.203910e-05
2.500000e+00	1.440000e+00	5.814905e-04	7.131039e-05
2.500000e+00	1.430000e+00	4.943048e-04	7.114618e-05
2.500000e+00	1.420000e+00	4.107342e-04	6.977591e-05
2.500000e+00	1.410000e+00	3.391031e-04	6.803979e-05
2.500000e+00	1.400000e+00	2.964177e-04	6.684045e-05
2.500000e+00	1.390000e+00	2.334462e-04	6.892872e-05
2.500000e+00	1.380000e+00	1.662436e-04	7.143414e-05
2.500000e+00	1.370000e+00	1.433398e-04	7.129718e-05
2.500000e+00	1.360000e+00	1.340766e-04	7.054723e-05
2.500000e+00	1.350000e+00	1.536407e-04	6.846114e-05
2.500000e+00	1.340000e+00	1.838689e-04	6.666813e-05
2.500000e+00	1.330000e+00	1.970010e-04	6.792020e-05
2.500000e+00	1.320000e+00	2.177974e-04	7.084133e-05
2.500000e+00	1.310000e+00	2.377644e-04	7.206699e-05
2.500000e+00	1.300000e+00	2.397747e-04	7.052831e-05
2.500000e+00	1.290000e+00	2.455579e-04	7.169126e-05
2.500000e+00	1.280000e+00	2.483414e-04	7.716242e-05
2.500000e+00	1.270000e+00	2.197625e-04	7.625299e-05
2.500000e+00	1.260000e+00	2.093266e-04	7.578453e-05
2.500000e+00	1.250000e+00	2.114291e-04	7.938228e-05
2.500000e+00	1.240000e+00	1.872369e-04	8.731233e-05
2.500000e+00	1.230000e+00	1.674177e-04	9.060746e-05
2.500000e+00	1.220000e+00	1.118802e-04	8.573135e-05
2.500000e+00	1.210000e+00	1.112793e-04	8.566144e-05
2.500000e+00	1.200000e+00	1.199214e-04	7.943286e-05
2.500000e+00	1.190000e+00	1.159940e-04	6.836037e-05
2.500000e+00	1.180000e+00	9.940540e-05	6.034782e-05
2.500000e+00	1.170000e+00	8.387435e-05	5.432836e-05
2.500000e+00	1.160000e+00	8.757764e-05	4.470738e-05
2.500000e+00	1.150000e+00	7.253018e-05	4.022366e-05
2.500000e+00	1.140000e+00	6.699670e-05	3.675238e-05
2.500000e+00	1.130000e+00	4.573854e-05	3.174844e-05
2.500000e+00	1.120000e+00	2.955488e-05	2.532583e-05
2.500000e+00	1.110000e+00	1.662931e-05	1.994794e-05
2.500000e+00	1.100000e+00	9.298856e-06	1.462594e-05
2.774000e+00	1.150000e+00	1.415056e-04	3.283256e-05
2.774000e+00	1.200000e+00	2.004368e-04	6.529506e-05
2.774000e+00	1.250000e+00	1.694899e-04	5.648124e-05
2.774000e+00	1.300000e+00	1.639854e-04	4.794941e-05
2.774000e+00	1.350000e+00	1.054728e-04	5.558145e-05
2.774000e+00	1.400000e+00	2.382401e-04	6.973873e-05
2.774000e+00	1.450000e+00	6.181719e-04	9.536586e-05
2.774000e+00	1.500000e+00	6.124653e-04	1.148572e-04
2.774000e+00	1.550000e+00	8.496900e-04	1.030350e-04
2.774000e+00	1.600000e+00	1.078072e-03	1.043559e-04
2.774000e+00	1.650000e+00	1.069557e-03	1.276904e-04
2.774000e+00	1.700000e+00	1.696165e-03	1.475324e-04
2.774000e+00	1.750000e+00	1.537271e-03	1.297619e-04
2.774000e+00	1.800000e+00	1.645616e-03	1.296310e-04
2.774000e+00	1.850000e+00	1.935702e-03	1.389443e-04
2.774000e+00	1.900000e+00	2.204936e-03	1.481555e-04
2.774000e+00	1.950000e+00	2.428253e-03	1.563308e-04
2.774000e+00	2.000000e+00	2.564259e-03	1.643599e-04
2.774000e+00	2.050000e+00	2.686684e-03	1.668895e-04
2.774000e+00	2.100000e+00	2.742354e-03	1.710069e-04